1	9.4071424303969	5.037140109141032	5e-05
2	3.235295684725845	2.2531301475575765	5e-05
3	1.1576360103292633	0.835690695215861	5e-05
4	-0.05427800360666241	-0.4359211266854604	5e-05
5	-0.8824769306170146	-1.0979358184394836	5e-05
6	-1.5101610785815591	-1.8869938689371746	5e-05
7	-2.0097436223133824	-2.269366035400391	5e-05
8	-2.4255285617643656	-2.5778683620707192	5e-05
9	-2.785624671730711	-3.0034033861490887	5e-05
10	-3.0847028471963447	-3.3392476444193524	5e-05
11	-3.361498943395782	-3.559666174016317	5e-05
12	-3.593966273982533	-3.527660034673055	5e-05
13	-3.81234410481289	-3.8862817452494305	5e-05
14	-4.0331642333946895	-4.026380770609538	5e-05
15	-4.289262623951159	-4.364979374125163	5e-05
16	-4.505541169369346	-4.715915176595052	5e-05
17	-4.6888384654396456	-4.833279063883464	5e-05
18	-4.856458594698722	-4.830307537261963	5e-05
19	-4.996425503278766	-5.133963707183838	5e-05
20	-5.132641042765299	-5.231286876688639	5e-05
21	-5.32797057940888	-5.330526453745524	5e-05
22	-5.491968430575722	-5.431592515075684	5e-05
23	-5.618787819143195	-5.775480477986654	5e-05
24	-5.735106482511822	-5.7026864486490885	5e-05
25	-5.823527747979415	-5.900132041707357	5e-05
26	-5.916089617571914	-6.019848723429362	5e-05
27	-5.99886482192779	-5.854148886932373	5e-05
28	-6.075010979953164	-6.1278081196187335	5e-05
29	-6.156882598384389	-6.245741708811442	5e-05
30	-6.237566173725864	-6.13279891969808	5e-05
31	-6.371982165268212	-6.524802963694254	5e-05
32	-6.565370901453386	-6.766579631703695	5e-05
33	-6.7535221220424715	-6.855577543833415	5e-05
34	-6.8827110204001976	-6.843684039113363	5e-05
35	-7.011021208153975	-7.09252612491862	5e-05
36	-7.117818244510584	-7.327532172475179	5e-05
37	-7.217765691244025	-7.3139958221639	5e-05
38	-7.297006840511389	-7.354091465108236	5e-05
39	-7.357374243146395	-7.511472838338216	5e-05
40	-7.434919949549089	-7.66782482929484	5e-05
41	-7.50105293057947	-7.673524598073324	5e-05
42	-7.565923342553925	-7.479778077972412	5e-05
43	-7.6119461994639614	-7.803101656422933	5e-05
44	-7.67572782816462	-7.768035822479248	5e-05
45	-7.726727324319405	-7.827868682902018	5e-05
46	-7.784160657833167	-7.9618799857788085	5e-05
47	-7.8457252093098955	-8.1146376796875	5e-05
48	-7.896862635961164	-7.934983069173177	5e-05
49	-7.947245696487695	-8.04903029667155	5e-05
50	-8.015582005382873	-8.092859468933105	5e-05
51	-8.053883382355272	-8.163698684407551	5e-05
52	-8.101471761468185	-8.08133941023763	5e-05
53	-8.147910507734332	-8.271007900675455	5e-05
54	-8.208771767754806	-8.359384398905437	5e-05
55	-8.24401797231895	-8.240704325907389	5e-05
56	-8.295280074668483	-8.356817389526368	5e-05
57	-8.341613728525262	-8.39701913478597	5e-05
58	-8.370430017034163	-8.496318366353353	5e-05
59	-8.419534666141978	-8.459336008565266	5e-05
60	-8.459941109655547	-8.580729605082194	5e-05
61	-8.506816598011753	-8.54933397479248	5e-05
62	-8.544059973691706	-8.729311495605469	5e-05
63	-8.569679171430622	-8.59229503145345	5e-05
64	-8.612300102471602	-8.784129915649414	5e-05
65	-8.653903479537162	-8.816489051167807	5e-05
66	-8.688392789772434	-8.77560001385498	5e-05
67	-8.730331497477213	-8.802059827697754	5e-05
68	-8.759656741473282	-8.769167248738606	5e-05
69	-8.809902554916649	-9.015835879964193	5e-05
70	-8.832166791477137	-9.031261335367839	5e-05
71	-8.86485029053591	-8.995643757100423	5e-05
72	-8.894224322311668	-8.897877009847004	5e-05
73	-8.924000161593254	-8.995178620910645	5e-05
74	-8.963712216081586	-8.825616123168945	5e-05
75	-8.990423242320277	-9.223080977396647	5e-05
76	-9.007782236451266	-9.16186719708252	5e-05
77	-9.046926951901085	-9.108038220296224	5e-05
78	-9.081349231750488	-9.183280737447102	5e-05
79	-9.105450315549616	-9.182369991210937	5e-05
80	-9.13932009166838	-9.121550814737956	5e-05
81	-9.1573585175974	-9.135718449991861	5e-05
82	-9.189853058647289	-9.395465018615722	5e-05
83	-9.21444409410229	-9.322207259338379	5e-05
84	-9.246270978404263	-9.361357596700033	5e-05
85	-9.275129029160885	-9.236668456258139	5e-05
86	-9.307143380922552	-9.294009794352213	5e-05
87	-9.32040501968116	-9.3103007131958	5e-05
88	-9.346405471272787	-9.489320812032064	5e-05
89	-9.374056360292668	-9.49635406068929	5e-05
90	-9.393518793268571	-9.392886251485189	5e-05
91	-9.425156395797996	-9.394911784423828	5e-05
92	-9.433165355378803	-9.594903061747234	5e-05
93	-9.470173220929063	-9.559555221679688	5e-05
94	-9.479903132194654	-9.546870405985514	5e-05
95	-9.506771207823636	-9.695182684265136	5e-05
96	-9.53400133474892	-9.613867802225748	5e-05
97	-9.560801768013937	-9.7455064319458	5e-05
98	-9.584223536383378	-9.700355483825684	5e-05
99	-9.612004697349146	-9.78898808170573	5e-05
100	-9.625332406531617	-9.736534163187663	5e-05
101	-9.6510745316826	-9.688600305216472	5e-05
102	-9.671662518068548	-9.774636273783367	5e-05
103	-9.691807353190104	-9.644872709106446	5e-05
104	-9.7125954894966	-9.831743860636394	5e-05
105	-9.753102445273951	-9.855687456420899	5e-05
106	-9.753443598774156	-9.850179413920085	5e-05
107	-9.773772525731136	-9.828194073933918	5e-05
108	-9.797547228027344	-9.961044354431152	5e-05
109	-9.814475597453871	-9.774951188700358	5e-05
110	-9.836400052197908	-9.949721959513345	5e-05
111	-9.853266067750095	-9.933491466715495	5e-05
112	-9.875871380913985	-9.935036831441243	5e-05
113	-9.901396319222433	-10.045822341451009	5e-05
114	-9.909710312414337	-9.942972768941244	5e-05
115	-9.92948823092812	-10.076767239237467	5e-05
116	-9.949201459945947	-10.04395196677653	5e-05
117	-9.981904451862537	-10.124471661234537	5e-05
118	-9.989554919946503	-9.930666030110677	5e-05
119	-9.992526236574408	-10.082405637471517	5e-05
120	-10.023597829385322	-10.036235164164225	5e-05
121	-10.042191395089132	-10.097620612202963	5e-05
122	-10.062849599401641	-10.181899789571126	5e-05
123	-10.0754966241348	-10.161211365905762	5e-05
124	-10.101237568918329	-10.22784509185791	5e-05
125	-10.121095053451805	-10.001307657328288	5e-05
126	-10.13145965284381	-10.145339710469564	5e-05
127	-10.151702975545247	-10.257226813578288	5e-05
128	-10.175142912854646	-10.290259679707844	5e-05
129	-10.193358905973735	-10.03339184181722	5e-05
130	-10.210045138618336	-10.245760376403808	5e-05
131	-10.21358045914071	-10.271069396260579	5e-05
132	-10.241494133960389	-10.203138646525066	5e-05
133	-10.2499190511057	-10.269379331705728	5e-05
134	-10.273798797580652	-10.261568791137694	5e-05
135	-10.296161459940592	-10.345530875793457	5e-05
136	-10.309430849771065	-10.427591794230143	5e-05
137	-10.341053904853688	-10.340364512329101	5e-05
138	-10.36413503966964	-10.467017813517252	5e-05
139	-10.377114698331063	-10.518802156148274	5e-05
140	-10.385273917085346	-10.382737229553223	5e-05
141	-10.389535258351108	-10.362258790852865	5e-05
142	-10.404404533338045	-10.529922844380696	5e-05
143	-10.428191485178095	-10.532966450256348	5e-05
144	-10.44922099029434	-10.433128897318522	5e-05
145	-10.472539443865859	-10.436520413106283	5e-05
146	-10.475878583772358	-10.420903238993327	5e-05
147	-10.49077757188014	-10.670240136983235	5e-05
148	-10.510637393254866	-10.589397158284505	5e-05
149	-10.527731605255662	-10.436013342651368	5e-05
150	-10.546342153500206	-10.609409339823404	5e-05
151	-10.564733770403945	-10.619612051554363	5e-05
152	-10.578573789904143	-10.561367655659993	5e-05
153	-10.591457177545916	-10.744913122701009	5e-05
154	-10.61389570429966	-10.60285680251058	5e-05
155	-10.641113582824707	-10.624274458374023	5e-05
156	-10.654956687635991	-10.83430699247233	5e-05
157	-10.681946792799565	-10.438514782653808	5e-05
158	-10.69117038274397	-10.806709279520671	5e-05
159	-10.712127989598324	-10.809423509399414	5e-05
160	-10.726642055990654	-10.705564130696615	5e-05
161	-10.737526619380482	-10.722955685913085	5e-05
162	-10.754293875197027	-10.726248023824056	5e-05
163	-10.767877198966042	-10.521985322652181	5e-05
164	-10.780065900231078	-10.693870147705079	5e-05
165	-10.80056338547663	-10.75094741784668	5e-05
166	-10.819859132282458	-10.806036272196453	5e-05
167	-10.836688596612227	-10.835963240661622	5e-05
168	-10.847789833391156	-10.947457688557943	5e-05
169	-10.865186879200717	-10.964066698608399	5e-05
170	-10.875442766870332	-10.657920623209636	5e-05
171	-10.893229793014793	-10.962166729532878	5e-05
172	-10.901523815992924	-10.997217376220703	5e-05
173	-10.919250731236508	-11.010737622823079	5e-05
174	-10.937951373564067	-10.99897070892334	5e-05
175	-10.944776373126114	-11.00797215822347	5e-05
176	-10.962723562583522	-10.879374568277996	5e-05
177	-10.98242509092525	-11.038669362833659	5e-05
178	-10.998450318461101	-11.00131387270101	5e-05
179	-11.007782150861773	-11.072404687133789	5e-05
180	-11.026722602355957	-10.896066442687989	5e-05
181	-11.036761975839715	-10.930332708862304	5e-05
182	-11.051277974406995	-11.138074172403972	5e-05
183	-11.069621057672869	-11.127611163431803	5e-05
184	-11.077375968881707	-10.986475224853516	5e-05
185	-11.090545937980785	-11.157740339213053	5e-05
186	-11.108405374507436	-11.25715919765218	5e-05
187	-11.128689101422227	-11.071615425374349	5e-05
188	-11.131694214848034	-11.091332027404786	5e-05
189	-11.139828468799257	-10.719109578694662	5e-05
190	-11.164585800521047	-11.202068553507488	5e-05
191	-11.15600021910229	-11.183148528869628	5e-05
192	-11.18628600590863	-11.201176875854491	5e-05
193	-11.192031721526565	-11.210539369913738	5e-05
194	-11.20413145966754	-11.288915040100097	5e-05
195	-11.201092431399697	-11.25594982582601	5e-05
196	-11.230504828476219	-11.17949339501953	5e-05
197	-11.245087087738572	-11.221267650634765	5e-05
198	-11.244348644925301	-11.248481147806803	5e-05
199	-11.244690522011204	-11.36766916640218	5e-05
200	-11.270882623362759	-11.33367444366455	5e-05
201	-11.286853636595609	-11.325615597005209	5e-05
202	-11.279215791830499	-11.087000374491375	5e-05
203	-11.297033647024055	-11.247481325581868	5e-05
204	-11.322400964298717	-11.4220887269694	5e-05
205	-11.331951560943068	-11.374824657938639	5e-05
206	-11.323734282468562	-11.408832758361816	5e-05
207	-11.328908693450392	-11.107261201924642	5e-05
208	-11.362391282563863	-11.323795595377604	5e-05
209	-11.357639203889546	-11.248469286478679	5e-05
210	-11.373216754382753	-11.482300742696125	5e-05
211	-11.38203947414144	-11.223489091593425	5e-05
212	-11.391214186267518	-11.517998964375813	5e-05
213	-11.384934767378958	-11.417017450012207	5e-05
214	-11.417804136445698	-11.507331211710612	5e-05
215	-11.361514485135263	-11.4951071461792	5e-05
216	-11.407408509669255	-11.396910706075033	5e-05
217	-11.396932746375368	-11.420432688680012	5e-05
218	-11.43375335823996	-11.407671919474284	5e-05
219	-11.455916346441972	-11.460393759867351	5e-05
220	-11.47080064699086	-11.487429498555501	5e-05
221	-11.44740439028663	-11.55894762266032	5e-05
222	-11.465468648418225	-11.451677519104004	5e-05
223	-11.483483953269557	-11.529521103719075	5e-05
224	-11.478660019654392	-11.47484243532308	5e-05
225	-11.498830369868763	-11.520980399108886	5e-05
226	-11.50708654987429	-11.52043312544759	5e-05
227	-11.48368684083209	-11.459454688781738	5e-05
228	-11.515239082776521	-11.592730013387044	5e-05
229	-11.53645477895315	-11.510642416219076	5e-05
230	-11.538593639208342	-11.52220485921224	5e-05
231	-11.556855309400056	-11.518604777364095	5e-05
232	-11.556497900091873	-11.282326785135904	5e-05
233	-11.558777666223358	-11.613560784383138	5e-05
234	-11.57577583550597	-11.596538935506185	5e-05
235	-11.575859761078416	-11.603043801879883	5e-05
236	-11.585032219561661	-11.531005648925781	5e-05
237	-11.551839541646322	-11.618706767272949	5e-05
238	-11.52802302240954	-11.490982777872722	5e-05
239	-11.56240189585689	-11.601423339416504	5e-05
240	-11.598144837722511	-11.505625454203289	5e-05
241	-11.581423415976007	-11.712642687845866	5e-05
242	-11.60402262647234	-11.709553019144694	5e-05
243	-11.625385405823824	-11.619569023010254	5e-05
244	-11.628048918250368	-11.684843582214356	5e-05
245	-11.616229485169528	-11.555775276631673	5e-05
246	-11.658139600408186	-11.62090845123291	5e-05
247	-11.637947996613084	-11.682270401753744	5e-05
248	-11.64939397208873	-11.47557754642741	5e-05
249	-11.66945319884076	-11.490702448425292	5e-05
250	-11.677916426507247	-11.741807152628581	5e-05
251	-11.671630091895388	-11.50819113454183	5e-05
252	-11.680283530792773	-11.697279425598145	5e-05
253	-11.69512234312787	-11.598740513875326	5e-05
254	-11.70510402089651	-11.741956594055177	5e-05
255	-11.696764715536553	-11.822187571451822	5e-05
256	-11.699375114871376	-11.65146154905192	5e-05
257	-11.691382535964697	-11.670396507507323	5e-05
258	-11.714109574965093	-11.726077126403808	5e-05
259	-11.73511378931735	-11.538260479064942	5e-05
260	-11.6610288552653	-11.698557133931478	5e-05
261	-11.740480991342645	-11.603441471883139	5e-05
262	-11.754415755370022	-11.748372295939127	5e-05
263	-11.773357157809073	-11.761326543538411	5e-05
264	-11.729329797074167	-11.560228871276856	5e-05
265	-11.72074182282565	-11.9116207399292	5e-05
266	-11.794711059079889	-11.61074213104248	5e-05
267	-11.758614389715897	-11.832169475646973	5e-05
268	-11.791926079061943	-11.860547019999187	5e-05
269	-11.72362541229355	-11.449768034484864	5e-05
270	-11.67484544087835	-11.840264741312662	5e-05
271	-11.788393348917642	-11.804283280212402	5e-05
272	-11.805127168464526	-11.731974060262043	5e-05
273	-11.778903558741519	-11.778986443074544	5e-05
274	-11.773073559709516	-11.893276250386556	5e-05
275	-11.825029418166846	-11.914746977579753	5e-05
276	-11.831347310560796	-11.701302190734863	5e-05
277	-11.789505657660234	-11.821383457539877	5e-05
278	-11.771192694431239	-11.85219180074056	5e-05
279	-11.820263299233956	-11.86414502134196	5e-05
280	-11.675687837581165	-11.60034257006836	5e-05
281	-11.812890864639014	-11.95952650954183	5e-05
282	-11.840921970924779	-11.90920419761149	5e-05
283	-11.80854135184626	-11.64067450962321	5e-05
284	-11.823990666395757	-11.884091530375162	5e-05
285	-11.841822052064058	-11.658042737731934	5e-05
286	-11.82413860230456	-11.830873987772623	5e-05
287	-11.839460337040416	-11.93514871158854	5e-05
288	-11.8794359487037	-11.968259886210124	5e-05
289	-11.841783533600388	-11.984544944112143	5e-05
290	-11.87662513655599	-11.867250110677084	5e-05
291	-11.895461245723256	-11.99976990037028	5e-05
292	-11.874329431514271	-11.745082081197102	5e-05
293	-11.905504419522469	-11.79524866982015	5e-05
294	-11.865639227081834	-11.899148710001628	5e-05
295	-11.934284479706346	-11.515105664794921	5e-05
296	-11.860260454387465	-11.962328901102701	5e-05
297	-11.79915130713533	-11.971832934611003	5e-05
298	-11.876238062290124	-12.00347458976237	5e-05
299	-11.873696546743293	-11.955132574991861	5e-05
300	-11.836828129859255	-11.863051175679525	5e-05
301	-12.001737678309391	-12.14171429095459	1e-05
302	-12.31462770619389	-12.105263333780924	1e-05
303	-12.313915751601906	-12.423227565897625	1e-05
304	-12.417858759350157	-12.195823395365396	1e-05
305	-12.448808649446187	-11.76179275801595	1e-05
306	-12.468684097476357	-12.13145285571289	1e-05
307	-12.503355638616194	-12.514159362080893	1e-05
308	-12.533284767163728	-12.501794701538087	1e-05
309	-12.486672235065662	-12.399352326578777	1e-05
310	-12.52556897212942	-12.59574476755778	1e-05
311	-12.534412616810581	-12.534303922688801	1e-05
312	-12.54692978772508	-12.563980915018718	1e-05
313	-12.572901693404349	-12.539787416951498	1e-05
314	-12.574846696707743	-12.562158043986003	1e-05
315	-12.586349247711716	-12.33766786159261	1e-05
316	-12.570223484728361	-12.381660398844401	1e-05
317	-12.506816231366074	-12.524386145812988	1e-05
318	-12.587247223800928	-12.616601155985514	1e-05
319	-12.590463133237604	-12.547433085245768	1e-05
320	-12.604669010682223	-12.683891273254394	1e-05
321	-12.634655612373217	-12.561279752787271	1e-05
322	-12.64013827361204	-12.225147675048827	1e-05
323	-12.647511304051449	-12.685812220092773	1e-05
324	-12.634995869961923	-12.655803750773112	1e-05
325	-12.657886555480957	-12.692763658955892	1e-05
326	-12.68349368736401	-12.629367031921387	1e-05
327	-12.620281951229698	-12.655690276428222	1e-05
328	-12.596404287798965	-12.735662615193684	1e-05
329	-12.683915307172809	-12.63047949806722	1e-05
330	-12.613117625421893	-12.681533409464517	1e-05
331	-12.656430562496787	-12.642302548909505	1e-05
332	-12.693316020196212	-12.629796738789876	1e-05
333	-12.697239198449921	-12.712311150797525	1e-05
334	-12.656830527866296	-12.652231706197103	1e-05
335	-12.709821443574604	-11.106246295491536	1e-05
336	-12.652475804882384	-12.770563645284017	1e-05
337	-12.718053601870889	-12.659881602132161	1e-05
338	-12.702499915231805	-12.687493687967937	1e-05
339	-12.53347424660773	-12.494017481038412	1e-05
340	-12.68007881340589	-12.619626521199544	1e-05
341	-12.702755253183465	-12.448207282470703	1e-05
342	-12.653751656187895	-12.650214885864258	1e-05
343	-12.697259546586958	-12.412324032958985	1e-05
344	-12.669492728361432	-12.651367883911133	1e-05
345	-12.681059964948687	-12.281031530537923	1e-05
346	-12.68549724906841	-12.666299489949544	1e-05
347	-12.712288247265196	-12.606194803894043	1e-05
348	-12.870009090767844	-12.905019532389323	5e-06
349	-12.878422614637945	-13.037010963907878	5e-06
350	-12.893834961267304	-13.034924415588378	5e-06
351	-12.918251027149937	-12.979063489807128	5e-06
352	-12.91077747268409	-12.982799439412435	5e-06
353	-12.908069079558791	-12.957026175598145	5e-06
354	-12.892337179238838	-13.011443064534506	5e-06
355	-12.903028816106428	-13.048964005391438	5e-06
356	-12.92724278294078	-13.069602704874674	5e-06
357	-12.931710985515394	-13.000912094828287	5e-06
358	-12.941662719904315	-13.055981670450846	5e-06
359	-12.93049289035623	-12.889935573059082	5e-06
360	-12.882801031837865	-13.020172655944824	5e-06
361	-12.942037347582366	-13.04174280415853	5e-06
362	-12.933846562029922	-13.018276929097494	5e-06
363	-12.94004850908353	-13.063398158325196	5e-06
364	-12.963305020210132	-13.010822539591471	5e-06
365	-12.954703224196049	-13.087518013793945	5e-06
366	-12.967765970941912	-13.040486133280437	5e-06
367	-12.93756868847335	-13.063382073160808	5e-06
368	-12.952885989086486	-12.973947268432617	5e-06
369	-12.966206447939154	-12.978223192911784	5e-06
370	-12.987812040087249	-12.875178395100912	5e-06
371	-12.99686419456937	-13.158459022684733	5e-06
372	-12.996371417652867	-12.941377191630046	5e-06
373	-12.963673774099249	-13.103726039693196	5e-06
374	-13.002772213374623	-13.079802553141276	5e-06
375	-13.012616177062988	-13.057481967081706	5e-06
376	-13.005549455050284	-13.057350560221353	5e-06
377	-12.997102661435846	-13.08249366813151	5e-06
378	-12.99781283064029	-13.074304148071288	5e-06
379	-13.01249370890942	-13.083904286702474	5e-06
380	-13.006224501303155	-12.925610630432129	5e-06
381	-13.011483671595522	-13.1042155137736	5e-06
382	-13.010720751813922	-13.011644211039226	5e-06
383	-13.073791333968313	-13.24354258424886	2.5e-06
384	-13.099777690837659	-13.236819147115071	2.5e-06
385	-13.103480146484374	-13.208557036865235	2.5e-06
386	-13.107518526259037	-13.274296263203938	2.5e-06
387	-13.105313654076292	-13.181193700317383	2.5e-06
388	-13.112480450535825	-13.211225961812337	2.5e-06
389	-13.109066539979098	-13.262070336079915	2.5e-06
390	-13.128729099248519	-13.243116938212077	2.5e-06
391	-13.116199313409103	-13.222513831481933	2.5e-06
392	-13.10966131623064	-13.207379310770671	2.5e-06
393	-13.128047896317332	-13.233500162780762	2.5e-06
394	-13.128027238499692	-13.270806201843262	2.5e-06
395	-13.13449739410079	-13.232320017659505	2.5e-06
396	-13.132220166532818	-13.267091574442546	2.5e-06
397	-13.134186562613504	-13.259925923319498	2.5e-06
398	-13.18037572314239	-13.290126373962403	1.25e-06
399	-13.183948112492077	-13.300320495463053	1.25e-06
400	-13.183475726245545	-13.316668680440268	1.25e-06
401	-13.17862137378144	-13.313535363159179	1.25e-06
402	-13.1849265542549	-13.328929159729004	1.25e-06
403	-13.176513131408692	-13.31071766821289	1.25e-06
404	-13.180586279368619	-13.301332185465494	1.25e-06
405	-13.180944952662419	-13.346790779541015	1.25e-06
406	-13.195128839396158	-13.324794145731609	1.25e-06
407	-13.182575531383849	-13.332339679219563	1.25e-06
408	-13.195482770933987	-13.33176454128011	1.25e-06
409	-13.18855602691008	-13.330687623901367	1.25e-06
410	-13.195048093848513	-13.323433001586913	1.25e-06
411	-13.202617521857011	-13.3385032421875	1.25e-06
412	-13.187040255438554	-13.325656002136231	1.25e-06
413	-13.199619943018863	-13.353987074198406	1.25e-06
414	-13.194960704959268	-13.326887301411947	1.25e-06
415	-13.19969689724678	-13.357968784281413	1.25e-06
416	-13.19830922253525	-13.34215786549886	1.25e-06
417	-13.198092263548734	-13.335195478800456	1.25e-06
418	-13.201620933674059	-13.284704751627604	1.25e-06
419	-13.201362058632299	-13.302200990804037	1.25e-06
420	-13.203898794493558	-13.318063132039388	1.25e-06
421	-13.207073887497216	-13.329460049865723	1.25e-06
422	-13.204427298114977	-13.35010610703532	1.25e-06
423	-13.209016941532603	-13.337765784138998	1.25e-06
424	-13.198282268179911	-13.339080800659179	1.25e-06
425	-13.20453063925867	-13.35842202947998	1.25e-06
426	-13.211823664460836	-13.37111034967041	1.25e-06
427	-13.210230286267732	-13.340928356038411	1.25e-06
428	-13.211827024514717	-13.36177849798584	1.25e-06
429	-13.216870058678342	-13.291379198710123	1.25e-06
430	-13.218261754934211	-13.29919003157552	1.25e-06
431	-13.211566787313897	-13.333998125732421	1.25e-06
432	-13.211262964639229	-13.366368449381511	1.25e-06
433	-13.22155630647144	-13.335136186035156	1.25e-06
434	-13.219904744002493	-13.346623823547363	1.25e-06
435	-13.217471026368258	-13.313753204488119	1.25e-06
436	-13.217180887757419	-13.368171554219563	1.25e-06
437	-13.222891389649508	-13.370741162638346	1.25e-06
438	-13.216734188412316	-13.33830329925537	1.25e-06
439	-13.210255887708161	-13.318038918863932	1.25e-06
440	-13.21938122971063	-13.32115096057129	1.25e-06
441	-13.221868012483295	-13.329291299540202	1.25e-06
442	-13.2202656940843	-13.364459117818196	1.25e-06
443	-13.223465818705241	-13.328157574869792	1.25e-06
444	-13.220291834272418	-13.35993170509847	1.25e-06
445	-13.225802047716643	-13.371303346354166	1.25e-06
446	-13.2180552621385	-13.361862387654622	1.25e-06
447	-13.2305687314678	-13.366498293721516	1.25e-06
448	-13.224663203901324	-13.34877975354004	1.25e-06
449	-13.227905680306417	-13.334445384012858	1.25e-06
450	-13.23280219576009	-13.34496863051351	1.25e-06
451	-12.227835590137147	-12.311008074849447	1e-05
452	-12.470022651624177	-11.825911498229981	1e-05
453	-12.51577282299055	-12.419131133239746	1e-05
454	-12.519804536768863	-12.601513206095378	1e-05
455	-12.426176499235455	-12.339657739969889	1e-05
456	-12.546186352949176	-12.514245343729655	1e-05
457	-12.540291335296095	-12.427894904703775	1e-05
458	-12.551631027947677	-12.548910822591147	1e-05
459	-12.574428142764443	-12.049851855651855	1e-05
460	-12.543057751776445	-12.309470373229981	1e-05
461	-12.567227263777884	-12.343119761393229	1e-05
462	-12.55869730940541	-12.10915997845459	1e-05
463	-12.574843883239746	-12.376763382385255	1e-05
464	-12.557307628990843	-12.54819370654297	1e-05
465	-12.581562400846783	-12.330928966125489	1e-05
466	-12.735078527756006	-12.789336563700358	5e-06
467	-12.760683701338918	-12.661947595072428	5e-06
468	-12.764325079950702	-12.612823591674804	5e-06
469	-12.761645697487278	-12.84103880505371	5e-06
470	-12.758896231372498	-12.822331967671712	5e-06
471	-12.774481809690242	-12.550369378255208	5e-06
472	-12.796611655578614	-12.70730526023356	5e-06
473	-12.803812547854776	-12.901179278503419	5e-06
474	-12.792786572308456	-12.821229674865723	5e-06
475	-12.795209746483518	-12.854105679382323	5e-06
476	-12.80476799493301	-12.83946788704427	5e-06
477	-12.752235615912186	-12.748520773701985	5e-06
478	-12.807325943260862	-12.852070045817058	5e-06
479	-12.804856991730272	-12.821555222635904	5e-06
480	-12.812417135248552	-12.894669274536133	5e-06
481	-12.813212297949004	-12.889529416341146	5e-06
482	-12.819105641489129	-12.86303158215332	5e-06
483	-12.818731744385836	-12.885773231974284	5e-06
484	-12.827054062869424	-12.887911864034017	5e-06
485	-12.906361821247302	-12.927068583374023	2.5e-06
486	-12.912821742884585	-13.034208570841471	2.5e-06
487	-12.923013768209893	-13.075372454549154	2.5e-06
488	-12.92635651494933	-12.945842621744792	2.5e-06
489	-12.929929575715718	-13.072571080139161	2.5e-06
490	-12.937669511264733	-13.010611107259114	2.5e-06
491	-12.943558100311815	-13.072640021158854	2.5e-06
492	-12.930245070658366	-13.029420138000487	2.5e-06
493	-12.940262316626834	-12.97626249440511	2.5e-06
494	-12.943202181640626	-13.059731226094565	2.5e-06
495	-12.928344173654656	-13.074551998962402	2.5e-06
496	-12.94967583111358	-13.07327276413981	2.5e-06
497	-12.952456097279331	-13.02387300398763	2.5e-06
498	-12.948972221355238	-13.08924743581136	2.5e-06
499	-12.95151518010725	-13.078714912495931	2.5e-06
500	-12.947176471958093	-13.026892602233886	2.5e-06
501	-12.951738651728045	-13.052859670613607	2.5e-06
502	-12.961904292585407	-13.027948042236329	2.5e-06
503	-12.954631992203561	-13.056719523966471	2.5e-06
504	-12.962120295516165	-13.096207058186849	2.5e-06
505	-12.957713231404622	-13.071552633748372	2.5e-06
506	-12.933180907651668	-13.071721877441407	2.5e-06
507	-12.95016086272765	-13.047296249247234	2.5e-06
508	-12.96792357362339	-13.106147625183105	2.5e-06
509	-12.973240299361379	-13.075365576436361	2.5e-06
510	-12.970418883272941	-13.0318006953125	2.5e-06
511	-12.968278433335689	-13.06071594337972	2.5e-06
512	-12.975762569585433	-13.064614531758627	2.5e-06
513	-12.95701362720155	-13.051295915690105	2.5e-06
514	-12.972206886580619	-12.955898602274576	2.5e-06
515	-12.974941032809074	-13.075730606526692	2.5e-06
516	-12.975508018578244	-13.100546549926758	2.5e-06
517	-12.965070506638911	-13.05704728938802	2.5e-06
518	-12.977790633132667	-13.106229387145996	2.5e-06
519	-12.962713565213388	-12.970637441426595	2.5e-06
520	-12.980409418973153	-13.034749741658528	2.5e-06
521	-12.983173810962342	-13.083196394002279	2.5e-06
522	-12.986051711134525	-13.036001173950195	2.5e-06
523	-12.994451023672003	-13.054206148579915	2.5e-06
524	-12.984638537777549	-13.102910515848796	2.5e-06
525	-12.994940530997294	-13.099499768107096	2.5e-06
526	-12.992089114479466	-13.080675471638997	2.5e-06
527	-12.991271535613478	-13.02182506427002	2.5e-06
528	-12.994252331730358	-12.950754667521158	2.5e-06
529	-13.000037148673075	-13.094099657348632	2.5e-06
530	-13.034144035068445	-13.144864091634114	1.25e-06
531	-13.038351017595257	-13.170410135498047	1.25e-06
532	-13.03931440508712	-13.138836894165038	1.25e-06
533	-13.047074057870965	-13.180938113993326	1.25e-06
534	-13.051640494145978	-13.149960583272298	1.25e-06
535	-13.045265155496162	-13.16751910357666	1.25e-06
536	-13.049513769320304	-13.140798459615072	1.25e-06
537	-13.051642757373475	-13.167052586751302	1.25e-06
538	-13.05187491898279	-13.189391612548828	1.25e-06
539	-13.050509701073363	-13.189224564086913	1.25e-06
540	-13.047739627038789	-13.201436509419759	1.25e-06
541	-13.055822557542232	-13.147547128885906	1.25e-06
542	-13.046315252738015	-13.132787005981445	1.25e-06
543	-13.057927065322609	-13.16990246061198	1.25e-06
544	-13.063605468335604	-13.176646229146321	1.25e-06
545	-13.063945568857294	-13.15131659535726	1.25e-06
546	-13.061263928657398	-13.114462520385743	1.25e-06
547	-13.052252621598093	-13.166784634562175	1.25e-06
548	-13.066682432139615	-13.167086155619304	1.25e-06
549	-13.064853342162015	-13.217072186950684	1.25e-06
550	-13.073029084841009	-13.193447165730793	1.25e-06
551	-13.06867105343039	-13.187117675923666	1.25e-06
552	-13.070029276055587	-13.208240940673829	1.25e-06
553	-13.071515790341026	-13.15935768556722	1.25e-06
554	-13.076384964319061	-13.202845707010905	1.25e-06
555	-13.082525688011838	-13.187094540364583	1.25e-06
556	-13.074796442976032	-13.198754178649903	1.25e-06
557	-13.078675539960894	-13.162336694152833	1.25e-06
558	-13.080624130359315	-13.212183154622396	1.25e-06
559	-13.075331411059999	-13.19544754884847	1.25e-06
560	-13.08494021277605	-13.161689752990723	1.25e-06
561	-13.102947012883773	-13.253836299397786	6.25e-07
562	-13.107573326904296	-13.241664376078289	6.25e-07
563	-13.102300653974567	-13.227887204711914	6.25e-07
564	-13.10244191003525	-13.242470928955077	6.25e-07
565	-13.105163163464997	-13.234118074890137	6.25e-07
566	-13.103814979198791	-13.200528694112142	6.25e-07
567	-13.106101461401153	-13.218242912394206	6.25e-07
568	-13.102875165274638	-13.234282862325033	6.25e-07
569	-13.103110608646862	-13.23295062322998	6.25e-07
570	-13.107292593021862	-13.255654857381185	6.25e-07
571	-13.106350560564008	-13.252925112589518	6.25e-07
572	-13.110096499900417	-13.264457343343098	6.25e-07
573	-13.109573507182875	-13.19944498984782	6.25e-07
574	-13.105607395857962	-13.242807691833496	6.25e-07
575	-13.11099285484662	-13.234631728739421	6.25e-07
576	-13.108145452412924	-13.241220333170572	6.25e-07
577	-13.109372212834943	-13.274262050984701	6.25e-07
578	-13.110563100039833	-13.191098878194174	6.25e-07
579	-13.113658352599026	-13.21516506994629	6.25e-07
580	-13.108675676493327	-13.24433407430013	6.25e-07
581	-13.110192296562328	-13.243978605529785	6.25e-07
582	-13.110659340202465	-13.238154354736329	6.25e-07
583	-13.112367546283922	-13.223539842549641	6.25e-07
584	-13.116311776060941	-13.25185773046875	6.25e-07
585	-13.115501222798665	-13.224683102335613	6.25e-07
586	-13.115515011927554	-13.223590555521648	6.25e-07
587	-13.110242708309777	-13.256522116088867	6.25e-07
588	-13.121251277371591	-13.243102617858886	6.25e-07
589	-13.121412792886298	-13.218351185262044	3.125e-07
590	-13.129973772014417	-13.245711321695964	3.125e-07
591	-13.130079066532604	-13.266055228393554	3.125e-07
592	-13.12903224249803	-13.232756122802734	3.125e-07
593	-13.12998715749319	-13.23189952496338	3.125e-07
594	-13.128400993386787	-13.261778502197267	3.125e-07
595	-13.130225443615295	-13.24720533186849	3.125e-07
596	-13.130460973857678	-13.290825759887696	3.125e-07
597	-13.1399830934127	-13.285004688842774	3.125e-07
598	-13.136173310168886	-13.246164076436362	3.125e-07
599	-13.133804424397786	-13.29216624001058	3.125e-07
600	-13.134759901278311	-13.280039732421875	3.125e-07
601	-12.787684374408922	-12.690110582906087	1e-05
602	-12.752327309781258	-12.70075153145345	1e-05
603	-12.765130521669622	-11.963503758951823	1e-05
604	-12.710971610349421	-12.666719542500815	1e-05
605	-12.697010615099455	-12.706399084940593	1e-05
606	-12.69456693737793	-12.398165133524577	1e-05
607	-12.698252302418492	-12.548146571695964	1e-05
608	-12.618772002643786	-12.73769234773763	1e-05
609	-12.706081301638955	-12.605186685811361	1e-05
610	-12.689010429305227	-11.850476834859212	1e-05
611	-12.71776891999469	-11.350036221761068	1e-05
612	-12.705187460683723	-12.631991571309408	1e-05
613	-12.718138534042627	-12.68190309202067	1e-05
614	-12.693906644000137	-12.316733071105958	1e-05
615	-12.668516631944087	-11.06457468922933	1e-05
616	-12.702069207771167	-12.748647670084635	1e-05
617	-12.559413068976152	-12.318969805440267	1e-05
618	-12.694570700540108	-12.687850197021485	1e-05
619	-12.669605737381785	-12.512818164794922	1e-05
620	-12.646209529644883	-12.501559071085612	1e-05
621	-12.692195111803557	-12.705865425089518	1e-05
622	-12.712542407009192	-12.479117882792155	1e-05
623	-12.710017174421344	-12.633195127950033	1e-05
624	-12.580638043894986	-12.716038305419922	1e-05
625	-12.69836407447467	-12.73428009790039	1e-05
626	-12.717023610019616	-12.696212588806153	1e-05
627	-12.698163548859178	-12.521031393595377	1e-05
628	-12.841510852984513	-12.923150566853842	5e-06
629	-12.845684823444568	-12.944407686116536	5e-06
630	-12.884439728084097	-12.981738971801757	5e-06
631	-12.901541941464073	-12.712915920267742	5e-06
632	-12.906346123557643	-12.843533050577799	5e-06
633	-12.910385113881965	-13.001326899983724	5e-06
634	-12.924678186967816	-13.00487320760091	5e-06
635	-12.912747755904348	-13.009695758300781	5e-06
636	-12.910035068191261	-12.984444722188314	5e-06
637	-12.926294396210253	-12.958426366475424	5e-06
638	-12.930706666884037	-12.921389979288737	5e-06
639	-12.918267051363761	-13.014817647928874	5e-06
640	-12.913057854064942	-13.020813501180013	5e-06
641	-12.93453065993995	-13.057332477193196	5e-06
642	-12.939979828661468	-13.009312217692058	5e-06
643	-12.936904429198147	-13.024043354085286	5e-06
644	-12.945877769685444	-12.931080446797688	5e-06
645	-12.945235335307874	-13.018736383280435	5e-06
646	-12.954963879814281	-12.994487623575846	5e-06
647	-12.947192990602728	-12.846736022501627	5e-06
648	-12.940345425149482	-13.039874612325033	5e-06
649	-12.938314862707305	-13.010432509134928	5e-06
650	-12.961092844935367	-12.950307751220704	5e-06
651	-12.945475986367745	-12.934808531188965	5e-06
652	-12.96487633834357	-13.007628523050943	5e-06
653	-13.030462129625823	-13.099367176920573	2.5e-06
654	-13.046365499565258	-13.151226135477701	2.5e-06
655	-13.053649380606668	-13.13860073223877	2.5e-06
656	-13.055102900138989	-13.164825643941244	2.5e-06
657	-13.057127870617247	-13.082506393636068	2.5e-06
658	-13.065705672879403	-13.193713799926758	2.5e-06
659	-13.060844356826514	-13.1229718708903	2.5e-06
660	-13.078696684625994	-13.188245622619629	2.5e-06
661	-13.073152971649705	-13.181805069376628	2.5e-06
662	-13.078070495793929	-13.230416980997722	2.5e-06
663	-13.070636219720138	-13.152494086120605	2.5e-06
664	-13.072436382726837	-13.175003471720377	2.5e-06
665	-13.0717390802623	-13.21071894954427	2.5e-06
666	-13.08171015793864	-13.148512301900228	2.5e-06
667	-13.085680640523275	-13.142797854492187	2.5e-06
668	-13.083987902990508	-13.143772294006348	2.5e-06
669	-13.079506087240654	-13.170575724487305	2.5e-06
670	-13.082420635243198	-13.13973947668457	2.5e-06
671	-13.087187691752115	-13.18996366768392	2.5e-06
672	-13.091112780623586	-13.20223667010498	2.5e-06
673	-13.078714102478028	-13.136526628112794	2.5e-06
674	-13.128878838474206	-13.255434216654459	1.25e-06
675	-13.137921542641088	-12.924481230489095	1.25e-06
676	-13.134168519454153	-13.266107480204264	1.25e-06
677	-13.144260608033298	-13.242970471232097	1.25e-06
678	-13.14193064090876	-13.261776925557454	1.25e-06
679	-13.146422949504652	-13.254449711812338	1.25e-06
680	-13.145287860396536	-13.219827813741048	1.25e-06
681	-13.148023764879728	-13.262363860656738	1.25e-06
682	-13.152233309539259	-13.292737311177572	1.25e-06
683	-13.148353298652514	-13.262177485127767	1.25e-06
684	-13.147112995422363	-13.252935577250163	1.25e-06
685	-13.155581638972768	-13.273705344462076	1.25e-06
686	-13.157876062112374	-13.30241462479655	1.25e-06
687	-13.163238224265651	-13.259424331217447	1.25e-06
688	-13.148515658867016	-13.274305331481933	1.25e-06
689	-13.162651111357036	-13.275879478942871	1.25e-06
690	-13.155751873436643	-13.28367100028483	1.25e-06
691	-13.165531504821777	-13.250501972045898	1.25e-06
692	-13.163308923884877	-13.270322636962891	1.25e-06
693	-13.161288355777138	-13.290604533976238	1.25e-06
694	-13.165091666530676	-13.300616524047852	1.25e-06
695	-13.158807417680707	-13.258911305379232	1.25e-06
696	-13.169184484073037	-13.262151742980958	1.25e-06
697	-13.16093432754463	-13.221020217000326	1.25e-06
698	-13.181812548808852	-13.295993525594076	6.25e-07
699	-13.194231035444293	-13.31734566579183	6.25e-07
700	-13.185547733068633	-13.31626085691325	6.25e-07
701	-13.191293983367384	-13.316485878743489	6.25e-07
702	-13.194947757516962	-13.337012218139648	6.25e-07
703	-13.195627395514236	-13.328042770528157	6.25e-07
704	-13.19371420534047	-13.303489493387858	6.25e-07
705	-13.198462464217336	-13.301892662780762	6.25e-07
706	-13.199980915487725	-13.346776784383138	6.25e-07
707	-13.1957833680527	-13.281328094767252	6.25e-07
708	-13.199251979095994	-13.338970352579752	6.25e-07
709	-13.200169647467362	-13.317545074584961	6.25e-07
710	-13.194541866785952	-13.33197596854655	6.25e-07
711	-13.195906946493583	-13.322725048217773	6.25e-07
712	-13.202640835503828	-13.341038715230306	6.25e-07
713	-13.19790007402815	-13.279888082194011	6.25e-07
714	-13.198590695063006	-13.27549588643392	6.25e-07
715	-13.199701409400271	-13.333132915791829	6.25e-07
716	-13.201985216718708	-13.33196833597819	6.25e-07
717	-13.198167424862511	-13.29912547906494	6.25e-07
718	-13.212150868748715	-13.326172256978353	3.125e-07
719	-13.211734874298632	-13.289484769307455	3.125e-07
720	-13.21180922187136	-13.327833869486492	3.125e-07
721	-13.215727746193334	-13.317301875732422	3.125e-07
722	-13.21316372025125	-13.309695509114583	3.125e-07
723	-13.214031779039885	-13.286003770487467	3.125e-07
724	-13.208879342064574	-13.338795055013021	3.125e-07
